1.506406695097026960e+00
1.657341427918905374e+00
1.522905342338966683e+00
-1.278457948665929989e+00
-1.630431605630991099e+00
1.761480636566959745e+00
-1.356106444261125477e+00
-1.634670275369325187e+00
1.130731888015916065e+00
1.987815067560183113e+00
1.775557709303551501e+00
1.519619409942115640e+00
-1.835346615492029043e+00
-1.541223457645118255e+00
1.616590226943594333e+00
1.663515445292808259e+00
1.843155270282245572e+00
-1.630478950269496963e+00
1.788339281863144947e+00
1.569830424955608317e+00
1.337776473317781933e+00
-1.905440539723451066e+00
-1.718568836939937894e+00
1.574197081085557670e+00
1.280706169835753139e+00
1.461837930709317668e+00
-1.664207577857610421e+00
1.559314246325543829e+00
1.784837310901764562e+00
-1.676833554495694045e+00
1.395370116265363558e+00
-1.766746924300232946e+00
-1.550474348708775096e+00
-1.207108965780916421e+00
1.633902570000572263e+00
-1.434913948857313271e+00
1.587600300863221126e+00
1.636978294145477131e+00
-1.486166937833550250e+00
-1.709914304277870611e+00
-1.737595754845075557e+00
1.493667679131875259e+00
-1.798658703360339839e+00
-1.881947618304158354e+00
-1.585025637426906941e+00
-1.480425798741615173e+00
-1.648784289767424305e+00
1.731742402296264860e+00
-1.714064220391224858e+00
-1.466104452979086981e+00
-1.514159078339427200e+00
-1.590863852664543776e+00
1.760018483014192947e+00
1.863016800155598673e+00
-1.707822836101747566e+00
-1.719921492963920606e+00
1.326759685696008884e+00
1.394653861984858301e+00
-1.771140844444796691e+00
-1.754351918814736733e+00
-1.297199416954277762e+00
1.656011325253333721e+00
-1.644299568247752585e+00
-1.701720071709958093e+00
-1.684271290896599105e+00
1.258324653973160290e+00
-1.876791538277125193e+00
-1.469085002342166435e+00
1.177875762665628878e+00
-1.616629051174008014e+00
-1.443910851455611821e+00
-1.439184368159465599e+00
1.383308213957708421e+00
-1.435596457746709964e+00
1.560762758938270212e+00
-1.411093463026394046e+00
1.447010396801739152e+00
-1.811798473765072748e+00
1.535335016873328406e+00
1.675925798238609987e+00
1.612891680492362978e+00
1.628556341074753000e+00
1.642049605446320948e+00
1.547336234727626048e+00
1.493527077924289959e+00
-1.805590967134697244e+00
1.776444208159063676e+00
-1.810387549869771462e+00
1.670610395216576061e+00
-1.336899505041884151e+00
1.387209339778963990e+00
-1.626013338422956922e+00
-1.812944976063519231e+00
1.488993447458244246e+00
1.447965208028748396e+00
-2.074007698150325485e+00
1.594161540428482127e+00
1.377874323509076904e+00
1.502185408351231377e+00
-1.502007811118353242e+00
