   6.3923728e-01
   7.3353678e-01
   6.4927070e-01
  -4.7474469e-01
  -6.7756741e-01
   8.0171663e-01
  -5.1667239e-01
  -6.8019999e-01
   4.2977767e-01
   9.5779768e-01
   8.1108174e-01
   6.4726722e-01
  -8.0990592e-01
  -6.2310403e-01
   7.0755437e-01
   7.3749911e-01
   8.5701091e-01
  -6.7759679e-01
   8.1964702e-01
   6.7817564e-01
   5.4054978e-01
  -8.5729941e-01
  -7.3332769e-01
   6.8089414e-01
   5.0897360e-01
   6.1244806e-01
  -6.9867831e-01
   6.7164917e-01
   8.1729429e-01
  -7.0665003e-01
   5.7348511e-01
  -7.6445576e-01
  -6.2866531e-01
  -4.3752510e-01
   7.1858697e-01
  -5.6084407e-01
   6.8927007e-01
   7.2054894e-01
  -5.9052828e-01
  -7.2775320e-01
  -7.4554956e-01
   6.3153407e-01
  -7.8547084e-01
  -8.4120471e-01
  -6.4961130e-01
  -5.8717767e-01
  -6.8900026e-01
   7.8208900e-01
  -7.3042338e-01
  -5.7884808e-01
  -6.0696122e-01
  -6.5317866e-01
   8.0074793e-01
   8.7048569e-01
  -7.2640945e-01
  -7.3420102e-01
   5.3435451e-01
   5.7307175e-01
  -7.6732914e-01
  -7.5638387e-01
  -4.8465601e-01
   7.3268467e-01
  -6.8619823e-01
  -7.2249595e-01
  -7.1136710e-01
   4.9675714e-01
  -8.3770146e-01
  -5.8057831e-01
   4.5413555e-01
  -6.6902281e-01
  -5.6601844e-01
  -5.6329823e-01
   5.6653694e-01
  -5.6123607e-01
   6.7254643e-01
  -5.4726639e-01
   6.0363307e-01
  -7.9422517e-01
   6.5687305e-01
   7.4549903e-01
   7.0520857e-01
   7.1517071e-01
   7.2377205e-01
   6.6425013e-01
   6.3144926e-01
  -7.9008189e-01
   8.1167388e-01
  -7.9328223e-01
   7.4206682e-01
  -5.0610031e-01
   5.6878115e-01
  -6.7482828e-01
  -7.9499190e-01
   6.2871699e-01
   6.0419929e-01
  -9.7529956e-01
   6.9338798e-01
   5.6341572e-01
   6.3668051e-01
  -5.9980787e-01
