4.512692888699281646e+00
4.527181046967684352e+01
-7.529828587403297746e+00
2.783717044862927814e+00
-1.122771395416112306e+01
1.337021680233642762e+01
-5.835288826420288899e+00
4.189214337264315802e+00
4.997131066743948580e+00
-2.720294670951302152e+01
4.642102828687186822e+00
-2.215693029835485162e-01
5.761545244405780863e+01
-2.264375932769368660e+00
-4.109867521031562276e+00
4.618720245976952299e+00
-3.189382608577808398e+01
3.504824978372626276e+01
5.425267825071890826e+01
7.628651697909790919e+00
